274440 92 493
274441 1 431
274442 1 752
276495 87 268
276501 4 221
276501 223 2547
276502 2 741
276525 88 469
276525 471 1606
276525 1626 2893
276527 1 214
276528 4 394
276542 74 857
276543 1 638
276543 643 952
276544 2 161
276545 2 110
276545 117 213
282708 1 8
282710 1 2
282710 8 8
282712 1 1
282712 10 68
276581 79 444
276582 1 871
276583 1 52
276584 1 2
276585 1 238
276585 241 242
276585 245 246
276586 2 658
276586 680 773
276587 1 1006
282732 1 69
282733 1 177
282734 1 327
282735 1 642
282735 645 1232
282735 1235 1823
284039 1 30
276653 72 550
276655 1 593
276655 595 1106
282800 1 377
276659 1 127
276659 129 252
282807 1 326
282814 1 1843
281976 1 2166
275833 1 53
275833 56 115
275833 117 251
282842 1 80
275835 1 13
281639 1 132
275837 1 186
275837 198 726
278769 75 104
278770 1 767
281641 1 319
278801 48 85
278802 1 17
278803 1 87
278803 91 133
278803 135 297
278803 299 323
278804 1 4
278805 3 26
278805 30 167
278805 170 193
278805 196 280
278805 283 284
278805 288 288
278808 1 445
278808 447 462
278808 464 1793
278820 17 1533
282917 117 157
282917 159 191
282918 1 51
282919 1 243
276776 1 1823
282922 1 131
282923 1 17
282923 19 30
282923 32 36
282923 38 39
282923 41 86
282923 88 224
276794 1 885
276807 66 220
276808 1 875
276810 1 287
276811 1 1270
276811 1272 2563
278873 70 129
278874 1 273
278874 275 478
278875 1 210
278875 212 834
276831 64 755
276831 761 2702
276834 1 720
276870 78 1354
276870 1356 3108
276870 3111 3258
276870 3260 3484
278923 55 467
283042 1 6
283043 1 105
283043 108 519
283049 82 93
283050 1 212
283052 1 111
278957 79 227
278962 68 408
278963 1 23
278963 25 175
278969 70 511
278969 514 1051
278969 1053 1291
278969 1293 1397
278969 1399 1460
278975 1 475
278975 477 745
278975 747 850
278976 1 20
276935 79 184
276935 186 838
276935 842 906
278986 71 199
276940 70 213
276946 1 27
276947 1 89
276947 91 126
276947 135 141
276948 1 474
276950 1 2353
279024 82 382
279029 1 260
274954 37 37
274954 39 57
274955 1 91
274968 1 1192
274969 1 1003
274970 1 47
274971 1 905
279071 71 244
279080 68 224
282034 1 33
283059 1 125
283059 127 451
274998 64 782
274999 1 1241
275000 1 136
275001 1 1781
275001 1786 2061
279115 118 524
279116 38 485
277069 81 265
277069 267 390
277070 1 309
277070 311 1059
277071 1 82
277071 90 178
277072 1 253
277072 256 466
277073 1 90
277076 1 3
277076 5 7
277076 9 35
277076 38 1037
277087 204 1191
277094 1 161
277094 164 584
277096 1 1309
277096 1311 2086
276242 1 7
276242 18 61
276242 72 1664
275059 78 81
275059 105 137
277112 1 155
275066 1 96
275067 1 392
275068 1 915
282730 89 164
275073 1 517
275074 1 442
275074 444 647
282731 1 172
283270 76 573
283270 576 1502
283270 1504 1888
283270 1890 1912
277127 1 438
277127 440 902
283283 4 1668
283283 1670 1748
277148 83 190
277148 193 700
283305 79 85
283306 1 289
283307 1 153
283307 156 456
283308 1 547
283308 549 571
283308 573 895
283308 897 948
277166 77 186
277166 188 431
277168 1 1708
277168 1711 1822
277168 1824 2223
275124 106 106
275124 108 431
275125 1 989
277180 88 228
277194 113 139
277194 144 497
277194 500 1115
277194 1117 1312
277194 1320 1749
277194 1754 2067
277194 2070 2070
283353 80 822
283358 1 243
283358 245 981
283359 1 428
275920 5 463
275921 1 2
275921 4 5
275921 17 20
278315 73 254
278315 256 661
278315 663 767
273158 1 1279
283407 82 114
283408 1 27
283408 29 2088
283408 2098 2125
283408 2203 2416
283408 2528 2542
283416 49 151
283416 154 245
277305 62 744
283453 83 537
283469 74 74
275282 91 180
275283 1 132
275284 1 74
283478 76 303
283478 324 969
275290 96 143
275291 1 347
275292 1 121
275293 1 142
275293 144 201
275309 55 617
275310 1 1929
275311 1 1253
275319 141 282
280384 2 34
280385 1 519
280385 523 569
280385 574 1187
280385 1189 1533
280385 1536 2022
275337 1 427
275338 1 520
275344 76 356
275345 1 353
273302 1 459
283548 145 288
275370 81 365
275371 1 22
275371 28 569
277420 84 84
277420 86 291
277420 293 346
275375 127 1449
275376 1 2667
275376 2669 3096
279479 86 190
278346 1 117
273402 100 292
273403 1 53
273404 1 18
273405 2 25
273406 1 112
273408 1 6
273409 1 309
273410 1 90
273411 1 29
281613 101 128
281613 130 130
281613 133 133
281613 135 139
281613 143 256
281613 258 903
273425 62 352
273425 354 733
283680 1 81
283681 1 17
283682 1 384
279588 100 1259
283685 1 314
273446 1 33
273447 1 113
273447 115 412
273448 1 391
273449 1 214
273450 1 214
273450 219 647
276318 3 103
276318 106 570
273492 71 71
273492 73 282
273492 284 325
273492 327 338
273493 1 233
273494 1 192
281693 1 2191
273502 73 256
273502 258 318
273502 320 813
273502 815 1064
273503 1 598
279653 77 77
279653 82 261
279654 1 108
279654 110 1231
279654 1285 1299
279656 1 43
279658 1 689
279658 691 713
281707 99 982
281707 1000 1065
279667 68 1033
281726 1 288
281727 1 1605
279681 77 104
279682 1 29
279682 33 34
279682 37 38
279683 1 26
279684 1 22
279685 1 93
279685 95 209
279691 71 113
279694 1 2235
273554 77 437
273555 1 173
279715 71 474
279715 476 477
279715 480 480
279715 511 511
279715 523 691
279716 1 860
279716 875 1528
279716 1530 1653
283820 67 1548
283830 1 722
283834 1 67
283834 69 82
283835 1 14
283835 16 112
281797 125 2176
275657 1 105
275658 1 337
275659 1 17
279760 68 578
279760 585 728
279766 1 1689
279767 1 776
283865 1 1177
283876 65 211
283876 215 724
283877 1 1496
283884 349 504
283884 509 756
283885 1 1723
279794 77 1100
279823 61 395
283933 88 232
283934 1 784
283934 793 870
283934 875 1245
283934 1267 1291
279841 75 398
279841 407 2122
279844 72 295
283946 85 1448
283946 1450 1462
275761 1 9
275767 1 4
283964 1 388
273725 83 252
273725 254 2545
275774 1 311
275774 315 315
275776 1 140
275777 1 300
273730 1 1814
273730 1820 2126
274315 1 424
275782 1 131
275782 133 762
279887 79 221
279887 225 397
284006 73 390
284014 1 266
281975 1 215
275832 1 367
284025 110 157
275834 1 297
279931 84 628
279931 630 743
279931 746 801
279931 803 1043
279931 1045 3022
275836 1 429
275836 431 1163
275836 1166 1170
275836 1184 1293
284029 1 112
284035 1 360
284036 1 140
284036 143 348
284037 1 340
284038 1 55
275847 1 2263
284040 1 33
284041 1 44
284042 1 129
284043 1 205
284043 210 224
284044 1 30
279966 79 441
279975 70 190
279975 192 253
279975 256 281
279975 283 709
279975 734 1121
275886 73 109
282033 82 117
275890 1 1393
282035 1 40
282037 1 457
282037 459 1862
279993 85 156
279994 1 47
274336 1 14
275911 62 298
275911 300 354
275911 356 440
275912 1 289
275913 1 475
280013 1 25
275918 1 318
275918 348 361
280015 1 39
280015 41 56
280015 59 554
280015 560 580
280016 1 149
280017 1 608
280018 1 1281
275923 3 53
275923 63 64
275923 66 126
280020 1 45
280024 1 427
275931 1 14
275931 19 89
277981 82 83
277981 85 163
277991 1 98
277992 1 260
277992 262 312
282092 92 222
282092 624 2276
275963 82 139
275963 141 172
278017 77 97
278017 99 213
278017 215 512
278017 514 589
278018 1 263
278018 265 422
278018 424 615
278018 617 627
278018 642 1011
278018 1020 1181
275778 1 305
280187 4 60
276092 74 149
280191 1 781
280191 783 866
280191 869 900
276097 1 507
280194 1 238
278167 87 394
278167 397 1153
278167 1155 1660
278167 1662 1707
278167 1709 2258
278175 1 88
274094 108 332
278193 77 231
280242 1 411
280242 414 627
280249 1 486
280249 488 1433
280251 1 165
280251 167 372
278239 76 339
278239 341 558
278239 560 740
278240 1 64
278240 70 113
278240 115 1121
278240 1123 1296
278240 1299 1309
274146 1 67
278822 1 1627
280188 1 245
276775 96 1260
274157 105 534
274159 1 43
274160 1 207
274161 1 516
274172 31 95
278273 75 110
278274 1 18
278274 20 85
280327 49 85
280330 1 857
278288 67 81
278289 1 42
278289 44 52
278290 1 11
276243 1 15
276243 18 480
276243 482 611
276244 3 1202
274198 81 191
274199 1 623
274200 1 678
280349 1 247
280349 252 623
280349 626 626
278308 87 216
278308 219 587
278308 589 680
278308 683 1200
278308 1217 1410
278308 1413 1848
278308 1880 1880
277126 42 59
278310 1 32
278310 34 709
280363 1 359
280364 1 370
280364 372 617
280364 619 619
280364 621 1090
280364 1102 1363
276282 75 534
276282 537 1142
276283 3 1087
280383 64 65
274240 1 40
274240 42 82
274241 1 1152
274241 1161 1176
274244 1 607
278345 84 500
278345 503 831
274250 1 701
274251 1 546
278349 1 401
278349 403 612
278349 632 633
276315 40 175
276315 178 217
276317 3 138
278366 1 453
275772 1 56
274283 2 19
274284 1 210
274286 1 154
275773 1 7
273728 1 100
276355 1 33
278406 85 360
278406 362 1682
276361 1 161
276361 169 208
276361 210 800
276361 802 833
274314 97 97
274314 99 158
276363 1 140
276363 142 238
276363 242 1482
274316 1 959
274317 1 3
274319 1 225
274335 60 1003
276384 2 1117
274337 3 17
274338 1 698
274339 1 29
274339 31 31
274339 33 33
274339 35 93
274344 1 632
274345 1 170
274382 94 144
274387 88 439
274388 1 1820
276437 63 224
276437 227 1074
276437 1076 2190
276454 1 527
276458 1 341
278509 91 1557
274420 94 268
274421 1 342
274422 1 2207
297483 37 68
297483 71 201
297483 206 214
297484 1 20
297484 23 47
297484 53 98
297484 100 208
297484 214 214
297485 2 16
297485 23 55
297485 57 253
297485 258 299
297485 302 314
297485 321 411
297485 414 420
297486 1 74
297486 79 140
297486 142 598
297486 603 604
297486 607 625
297487 1 147
297487 150 338
297487 340 433
297487 439 491
297487 495 603
297487 609 613
297488 1 73
297488 80 424
300632 1 21
300283 1 13
300283 15 34
297562 1 3
297562 5 92
297562 94 369
300574 14 111
297503 1 59
297503 61 193
297503 195 275
297503 282 559
297503 566 606
297503 612 635
297503 642 772
297503 777 779
297504 1 27
297504 29 33
297504 36 41
297504 125 136
297505 1 61
297505 63 394
299042 33 55
300123 1 91
300123 93 93
300123 96 158
300123 160 177
300123 180 381
300123 383 384
300123 387 487
300123 490 612
299443 145 164
299061 38 194
299061 197 280
299061 282 343
299061 345 355
299062 1 81
299062 83 163
299062 166 183
299062 186 303
300087 36 59
300087 61 126
300087 128 137
300087 140 208
300087 210 210
300087 213 216
300087 218 239
299064 1 85
299065 13 248
299065 251 342
299067 1 58
299067 60 110
299067 112 190
299067 193 248
299067 250 268
299067 270 303
299067 305 327
299067 329 459
297057 1 4
297057 14 83
297057 85 105
297057 112 183
297057 185 360
297057 362 377
297057 385 410
297057 413 418
297057 424 509
297057 516 554
297057 556 629
297057 632 906
300105 1 21
299594 1 27
299594 29 115
299594 117 221
299594 224 249
299594 251 317
299595 1 33
299595 35 112
299595 114 134
299595 138 138
299597 1 8
299597 11 62
299597 65 91
299597 93 209
299597 212 228
299597 230 258
299597 260 445
299597 447 534
299597 536 540
300117 35 67
297558 1 124
297558 126 164
297558 167 225
297558 227 266
300631 41 49
300631 63 66
300631 75 128
300631 130 190
300631 193 200
300631 203 226
299096 1 3
299096 5 55
299096 57 97
300633 1 54
300633 57 151
300633 153 270
300633 273 410
300633 413 422
300633 424 447
297050 1 137
297050 193 195
297050 197 371
297050 374 599
297050 602 604
297050 607 665
297050 668 776
300635 1 23
300635 26 80
300635 83 123
300635 125 143
300635 146 176
300636 49 85
300636 88 95
300636 97 159
300636 162 188
300636 190 335
300636 338 435
300636 438 503
300636 507 579
300636 582 627
300636 630 738
300636 741 743
300636 745 753
300636 756 763
300636 766 789
300636 792 806
300636 809 922
300636 925 931
300636 933 942
300636 945 954
300636 956 991
300636 994 1000
300636 1003 1005
300636 1008 1081
300636 1084 1091
300636 1094 1096
300636 1099 1164
300636 1166 1193
300636 1195 1267
300636 1269 1270
300636 1272 1386
300636 1388 1480
300636 1484 1527
300636 1529 1572
297056 12 26
297056 28 101
297056 104 187
297056 189 203
300560 1 104
300560 106 168
300560 170 191
300560 194 210
300560 212 255
300560 257 439
300560 442 506
300560 508 547
300560 549 604
300560 606 612
300560 615 640
300560 645 656
300560 658 695
300560 697 782
300560 784 844
299368 37 54
299368 56 61
299368 63 175
300576 1 41
300576 43 118
300576 121 123
300576 125 164
300576 166 206
300576 209 263
300576 265 274
300576 277 317
300576 320 627
300576 629 643
300576 646 720
300576 722 946
300576 949 971
300576 973 979
300576 982 1099
300576 1102 1206
300155 35 62
300155 64 357
300155 359 411
300155 413 527
300155 529 539
300155 542 630
300155 632 736
300155 738 840
300155 842 950
300155 953 982
300155 984 1176
300155 1178 1229
300156 1 29
300156 31 53
300156 56 63
300156 65 70
300156 72 72
300157 1 28
300157 30 133
300157 135 152
300157 154 225
300157 228 296
300157 298 460
300157 462 484
300157 486 535
300157 538 680
300157 682 738
300157 740 785
300157 788 802
300157 805 876
300157 879 890
300157 892 908
300157 911 996
300157 998 1027
300157 1030 1075
300157 1077 1107
297599 1 156
297599 158 169
297599 211 225
297599 230 312
297599 319 385
297599 395 407
299649 151 228
299649 230 332
300674 1 12
300674 14 22
300674 25 33
297603 1 104
297603 107 289
297603 291 420
297604 1 91
297604 94 126
297604 131 161
297604 163 179
297604 181 272
297604 279 359
297604 361 375
297604 381 402
297604 404 407
297605 1 6
297605 13 20
297605 24 89
297605 95 104
297605 106 179
297605 182 219
297605 221 407
297606 1 29
297606 31 94
297606 99 231
297218 1 27
297099 40 62
297100 1 15
297100 21 220
297100 222 369
297100 375 381
297101 1 349
297101 351 547
297101 550 585
297101 587 665
297101 667 668
297101 673 697
297101 700 856
297101 862 920
297620 32 98
297620 101 127
297620 129 318
297113 1 15
297113 27 149
297113 151 204
297113 211 252
297114 1 36
297114 38 99
297114 106 132
297114 135 159
299178 37 56
299178 58 111
299180 1 98
300393 1 20
299184 1 130
299184 132 164
299184 166 326
299184 328 359
299184 361 416
299184 419 456
299184 458 480
299184 482 561
299185 1 107
299185 109 120
297656 64 116
297656 123 135
297656 140 230
297656 269 307
297656 313 330
297656 341 376
297656 378 388
297656 393 433
300575 1 82
300234 1 59
297665 1 153
297665 159 209
297665 214 265
297665 268 279
300226 43 72
300226 74 162
300226 164 192
300226 195 258
300226 260 314
300226 316 358
300226 360 408
300226 410 448
300235 1 153
300235 155 182
300235 184 187
297670 1 34
300233 43 69
300233 72 151
300233 154 162
297674 1 102
297674 108 188
297675 1 123
297675 129 149
297675 151 163
297675 165 175
297675 178 186
297675 189 199
297675 202 239
297675 244 328
297675 334 467
297675 470 471
300236 1 95
300236 97 124
300236 126 187
300237 1 59
300237 61 61
300237 63 98
300237 101 112
300237 114 147
300237 150 315
300237 317 354
300237 356 379
300237 381 388
300237 390 428
300237 430 458
300237 461 471
300237 474 546
300237 548 629
300237 631 713
300237 716 717
300238 1 58
300238 62 86
300238 89 273
300238 275 329
300239 1 7
300239 9 22
300239 25 67
300239 70 78
300239 80 128
300239 130 145
300239 148 158
300239 161 167
300239 171 213
300240 1 7
300240 11 46
300240 51 79
300240 81 210
300240 212 221
300240 224 340
300240 342 362
297175 1 22
297175 24 85
297176 1 120
297176 125 214
297425 1 107
297425 112 137
297425 140 157
300558 1 37
300558 39 104
300558 106 167
300558 169 194
300558 196 287
300558 289 342
300558 344 548
300777 21 50
300777 52 132
300777 134 147
300777 149 169
300777 171 214
300777 216 419
300777 421 482
300777 485 509
300780 1 14
300780 16 111
300780 114 202
300780 204 318
300780 321 341
300280 52 56
300280 61 69
300280 73 95
300280 97 150
300280 155 165
300280 178 194
300280 196 198
300280 207 222
300280 226 247
300280 249 251
300280 255 255
300280 257 268
300280 275 345
300280 349 355
300280 358 363
300280 366 370
300280 381 393
300280 395 538
300280 540 548
300280 553 605
300280 617 639
300280 663 691
300281 3 8
297722 55 160
297722 165 289
297722 292 310
297722 313 344
297722 346 350
297722 352 353
297723 1 222
300284 1 2
300284 5 22
300284 38 47
300284 50 63
300284 65 82
300284 90 98
300284 108 130
300284 133 152
300284 156 245
300284 248 250
300284 260 293
300284 295 414
300284 420 561
300284 568 585
300284 590 680
300284 691 711
300284 713 751
297215 1 27
297215 29 47
297563 1 69
297563 71 77
297563 79 254
297563 260 262
297219 1 11
297219 14 80
297219 85 147
297219 149 281
297219 288 331
297219 333 579
297219 585 625
297219 627 730
297219 732 916
297219 921 972
297219 974 1071
297219 1073 1093
297219 1095 1210
297219 1212 1363
297219 1365 1429
297219 1436 1479
297219 1481 1712
297219 1714 2004
297219 2010 2057
297219 2059 2111
297219 2114 2431
297219 2433 2565
297219 2567 2572
297219 2574 2638
299478 1 16
299478 19 81
299478 83 140
299478 143 175
297224 1 19
297224 24 81
297224 83 138
297225 1 21
297225 24 32
297227 1 59
297227 62 192
300812 1 37
300812 40 59
297432 1 19
297432 21 30
297432 32 112
300675 2 18
300675 21 33
297433 1 127
297433 130 159
297666 1 11
297666 17 72
297666 74 81
297666 86 94
297666 97 97
297666 100 121
300676 1 26
300394 1 21
300122 44 85
300122 88 100
300122 102 127
300122 129 186
300122 188 235
300122 237 303
300122 306 453
300122 456 527
300122 530 560
300122 563 609
300122 611 617
300122 619 627
300122 629 657
300122 660 691
300122 693 697
300122 699 730
300122 735 809
300122 811 924
300122 927 1026
300122 1028 1051
300122 1053 1082
300122 1084 1172
300122 1175 1286
300122 1289 1295
299327 1 72
299329 1 6
299329 8 151
299329 153 172
297292 1 54
297292 56 125
297292 130 131
297292 136 320
297292 323 342
297292 344 509
297292 512 667
297292 675 750
297292 753 753
297293 1 12
297293 14 77
297293 79 121
297293 127 150
300366 1 21
299149 29 87
299149 89 198
299149 200 216
299149 218 263
299149 266 266
299149 268 272
299149 274 282
299149 284 288
299149 290 470
297296 1 87
297296 90 133
297296 136 213
297296 215 230
297296 232 236
297296 240 304
297296 306 401
297296 406 418
297296 425 497
300369 1 15
300369 18 20
300370 1 1
300370 3 20
300371 1 17
300371 19 20
300372 1 8
300373 1 21
300374 1 21
300375 1 47
300375 50 93
297308 8 44
300389 1 1
300389 4 5
300389 8 8
300389 11 20
300389 23 39
300389 60 149
300390 1 21
300391 1 21
300392 1 21
299369 1 21
299369 24 44
299369 46 289
299369 291 303
299370 1 72
299370 74 149
299370 151 174
299370 176 411
299370 413 457
299370 460 523
299370 525 529
299370 531 610
299370 612 698
299370 701 705
300395 1 2
300395 5 20
300396 1 20
300397 1 20
300398 1 5
300398 8 20
300399 1 20
300400 1 59
300400 61 288
300400 291 342
300400 344 372
300400 374 391
300400 393 395
300400 398 561
300400 563 582
300400 584 596
300400 598 643
300400 645 677
300401 1 7
300401 9 171
300401 173 190
300401 193 213
300401 216 301
300401 303 353
300401 355 380
300401 382 391
300401 393 451
300401 453 559
300401 562 636
300401 638 673
300107 1 28
300107 30 47
299380 32 36
299380 39 83
299380 86 170
299380 172 227
299381 1 45
299394 1 33
299395 1 58
299395 60 64
299395 66 127
299395 130 187
299396 1 34
299396 37 52
299396 54 81
299477 34 42
299477 82 87
297359 51 56
297359 60 70
297359 164 180
299420 1 50
300459 40 52
300459 54 164
300459 167 218
300459 220 242
300459 244 252
300459 255 283
300459 285 321
300459 324 332
300461 1 31
300461 34 98
300462 1 97
300463 1 67
300463 69 124
300464 1 25
300464 27 84
300464 86 103
300464 126 150
300464 153 265
300466 1 34
300466 36 56
300466 59 79
300466 82 223
300466 225 303
300466 305 326
300466 328 336
300466 338 385
300466 388 455
300466 457 578
300466 580 593
300466 596 614
300466 617 650
300467 1 50
300467 52 70
300467 73 91
300467 93 228
300467 230 342
300467 344 434
300467 436 484
300467 486 489
300467 492 563
299593 95 103
299593 106 157
299593 159 177
299593 179 201
299593 204 419
299593 421 437
299593 439 508
299593 511 513
299593 515 515
299593 518 575
299593 577 591
299593 593 678
299593 680 747
299593 750 896
299450 39 88
300106 1 12
300106 14 74
297411 32 69
297411 71 190
297411 192 297
297411 299 479
297411 481 694
297411 696 737
297411 740 776
297411 779 800
297411 807 947
297411 950 950
299479 1 67
299479 69 123
300364 24 46
300365 3 20
297424 32 149
300497 26 28
300497 31 125
300497 127 149
300497 151 175
297426 1 28
297426 34 84
297426 90 111
297429 1 72
297430 1 32
297430 34 66
297430 69 190
297430 192 199
297431 1 49
297431 55 64
297431 71 142
297431 144 188
299480 1 7
299480 9 244
299480 247 330
299480 332 346
299480 348 359
299480 361 451
299480 454 460
299480 463 463
299480 466 502
299480 504 646
299480 649 713
299481 1 66
299481 68 177
299481 179 196
299481 199 236
299481 260 263
299481 266 323
299481 326 424
299481 426 433
299481 435 452
299481 454 479
299481 487 521
299481 523 602
299481 604 644
299481 646 655
299481 657 747
299481 750 868
299481 871 940
299481 943 997
299481 1000 1030
299481 1033 1037
299481 1061 1145
299481 1147 1205
299481 1207 1257
297434 1 161
297435 1 14
297435 16 94
300282 1 9
300282 13 59
300282 73 92
300282 97 114
300282 142 151
300282 156 172
300282 174 186
300368 1 10
300368 12 20
300514 38 43
300514 46 78
300514 80 150
300515 1 69
300515 72 79
300515 81 151
300515 154 166
300515 169 296
300515 298 332
300515 335 340
300515 343 447
300515 450 459
300515 461 480
300515 482 682
300515 684 838
300515 957 1013
300516 1 78
300516 80 111
300517 1 8
300517 103 179
300517 181 391
300517 394 409
300517 411 479
300517 482 587
300517 589 623
300367 1 20
298996 33 216
298997 1 47
301046 153 222
299000 1 16
299000 18 77
297467 50 80
297467 82 127
297467 129 138
297468 1 74
297469 1 4
297469 9 70
297557 8 113
297557 119 167
297557 173 174
297557 180 394
